84139
84133
84121
84123
84131
84124
84132
84125
84122
66110
69101
45201
42210
86902
47992
47993
43290
64309
62090
66190
66290
42130
42120
42110
42220
86212
10390
66309
58190
22190
85323
64920
49390
55900
10519
64190
72190
22290
53201
81290
43390
61900
47191
86909
58132
47730
78100
85591
71110
91012
82300
90010
47994
47793
47917
37000
56300
20160
27200
23120
01630
01640
96030
38220
38210
25610
10200
10120
10310
91011
72110
01500
13300
87100
87202
87201
87203
18140
58110
84250
05200
08910
08110
53202
41200
30110
30120
43320
22230
52211
82200
55300
56294
56210
64110
56292
56293
10130
84223
88910
58131
63110
62020
62010
62030
38312
38311
38319
11010
45320
73112
35130
35220
64999
25999
43999
32990
23999
30990
85599
08990
84232
91040
88995
93112
93130
55102
93113
56291
93111
93119
90040
93114
02200
45204
85410
59120
43210
68310
68320
81100
59130
59140
64910
03210
03220
49420
85592
65111
74204
24420
11040
10890
24450
10910
24430
11030
35210
24100
24440
11070
11060
10920
10410
23110
10830
11020
24410
11050
86905
82920
85100
35300
66301
64993
68204
97000
13100
15110
84222
35110
24540
24510
24530
24520
43342
10520
43330
74102
18130
85201
36001
85321
52241
68100
35140
35230
45192
45191
64992
45400
45110
87901
64201
64202
55101
55103
23701
23709
88994
98200
98100
16102
96021
51212
51102
50402
50302
50202
50102
46390
96011
74101
20110
82910
74103
02300
38120
38110
84112
33200
45203
94112
94200
94111
94120
64301
64991
01700
10320
69102
07100
49200
49100
10721
82110
85312
85521
20600
70220
96012
82190
10111
84233
96040
43223
95230
77400
49311
90030
47112
59200
81210
52100
43120
73200
43130
10420
86901
73120
25620
84221
01410
10611
91020
43341
63910
93210
84300
01290
01250
01230
01210
01160
01134
01133
01280
01240
01260
01301
01302
01191
01120
01140
01110
01150
01220
01270
01199
00000
87902
10511
45310
46660
46380
46773
46220
46710
46510
46692
46699
46340
46434
46431
46521
46762
46435
46310
46440
46630
46240
46761
46433
46610
46741
46370
46750
46420
46492
46650
46320
46230
46432
46460
46330
46772
46720
46691
46470
46450
46732
46360
46210
46491
46522
46640
46410
46350
46480
46771
46620
46731
46742
46499
46769
69103
65300
84115
85594
78200
19200
60200
22220
45202
84240
74201
53100
47912
47916
47911
47913
47914
47915
47919
01131
70210
74203
86903
86211
59110
47991
46180
46190
46120
46110
46142
46170
46141
46150
46160
46130
32110
58120
43310
69201
51211
51101
50401
50301
50201
50101
73111
74202
81221
01491
95290
33190
95110
33140
33130
95210
95220
95120
33120
33110
95240
95250
33170
33150
33160
18200
79120
79110
56100
69202
66210
43110
51220
08930
84114
72200
39000
01620
01610
65120
84113
69203
02101
02102
81222
96022
81300
23910
86101
25500
01132
10810
80300
47250
47791
47714
47594
47761
47241
47643
47610
47642
47713
47410
47540
47230
47782
47210
47523
47593
47781
47772
47711
47712
47291
47532
47630
47522
47242
47783
47622
47592
47750
47220
47430
47531
47595
47784
47591
47715
47740
47721
47762
47650
47641
47420
47510
47621
47260
47771
47521
47722
47792
47300
86103
86102
86222
86221
92000
85510
93120
20510
84111
05100
85311
85593
55202
10112
10620
09900
90020
52230
09100
52220
85600
17112
17113
01135
16101
80200
80100
60100
13921
03120
43912
43911
86904
86230
17240
49320
71121
71123
71124
71122
71200
61300
53203
14190
25290
29320
27320
23190
14130
24330
23490
28140
31090
20130
20140
17290
28130
23440
13960
14390
23690
27900
14120
20200
27400
25710
23610
32130
13950
32910
23130
23510
10822
30920
26200
25991
22110
16232
25120
23200
27120
29310
27510
26110
27110
20530
23630
16210
21100
23650
28120
10612
20300
20120
16233
16291
23620
23140
28920
20150
26400
10860
17220
27520
26510
28300
27330
23520
24310
24340
24320
29200
23310
23410
23430
23420
10722
26300
31012
31011
28230
17123
26120
24460
31022
31021
10850
28150
29102
20520
30300
28220
25720
14110
21200
25920
31030
26800
28930
28960
28910
28950
28940
28250
13930
32501
17111
25110
25930
30400
10710
16231
30910
28240
28110
23640
23320
32200
25940
27310
26700
20420
10730
29101
22210
13922
14200
25210
15120
30200
24200
16220
10840
15200
17230
32120
10821
32400
32300
19100
14310
26600
25910
20170
32502
17121
13910
20410
28210
14140
25400
16293
23991
17211
25730
28410
25300
16239
20590
28990
28490
12000
47810
47820
47890
08920
85530
49500
18122
18110
18121
17122
61100
61200
03111
16240
16103
79900
13940
93191
85420
01420
01472
01450
01430
01440
01462
01461
01492
26520
85202
85322
41100
58290
58210
58140
43991
77220
68201
68202
68203
77290
77320
77340
77350
77210
77310
77330
77120
77110
77390
84210
07290
06200
06100
08120
07210
55201
47111
42910
63120
43222
94990
94920
94910
66220
66120
99000
70100
75000
02401
91030
87302
87301
49410
43221
13200
85324
36002
84231
65200
38320
01471
88991
88102
88992
88101
35120
74300
56299
47999
47199
93290
68209
52249
49319
65119
85522
46900
73119
02409
02109
47789
47299
93199
71129
13990
28290
17129
17219
16292
01499
74900
42990
82990
63990
96090
52219
52290
43229
88993
03119
78300